340171
813932
274484
97595
619889
189033
231867
145357
356135
71282
698492
87443
865147
517558
698833
321156
122421
846608
49241
567949
221486
289953
851214
701399
919499
126815
587557
674173
76409
52017
474919
788554
240855
178429
313027
714853
599197
723180
339532
719384
404276
487545
170373
865772
77224
164179
710584
382430
690092
695451
360971
852374
478043
61140
272343
287267
142499
516714
211802
354371
575023
415696
810664
67642
197117
347202
935791
465531
670439
914397
8338
567856
482536
208254
738557
181760
26327
496673
153666
828238
148634
775957
911712
490064
940453
756351
109916
632344
288594
989327
172090
817149
240943
593155
358885
323050
686
969297
47857
771722
73138
125255
141412
20175
59206
657129
80872
753663
136746
996487
217992
135156
307644
119895
664231
684371
530889
560585
864741
879887
809398
942099
23344
955308
113126
988946
769179
991129
22160
99823
57866
175674
762321
614093
813482
561422
629760
786586
868199
147401
510485
451688
524596
465191
89603
21784
47611
545691
842952
572798
39936
912566
206426
869955
625586
205580
529738
201438
754619
369585
588871
285751
611784
71782
229959
580232
915902
253668
2777
395962
828101
11109
510506
6947
387746
750716
866965
39033
891090
587620
909313
122358
734926
208584
766518
173199
791048
142276
47293
210507
573282
679881
683162
900269
236198
463902
224143
178609
127991
364039
494052
219868
441298
747704
740923
727789
793858
599311
481143
395816
918036
323159
599966
605654
707251
729101
375100
573387
128144
38682
659277
206178
726843
480569
696939
840718
689089
103953
655531
338437
810288
846003
887852
514459
933074
472115
34371
412769
88693
966313
211561
280706
9630
516696
603165
209655
72483
297665
550436
264793
526907
399182
84346
217010
676359
81307
247238
456561
741469
381716
152866
724287
218248
201376
77551
827544
508012
163152
943227
813759
488069
863206
662930
825050
75315
150077
204337
833633
907536
829106
259301
510430
779922
677922
577009
513005
655172
756980
178351
555771
781527
342555
152312
602957
178232
777703
96209
599040
396551
780792
221366
65654
16345
178483
642780
721522
92250
601325
937004
212585
615116
345527
478135
12509
421396
446085
692887
158309
203280
79235
736654
395724
790197
933776
9614
43680
345944
64458
223530
892896
766639
298113
693517
242800
126702
745985
105461
684710
658513
509892
284087
790774
900990
170974
507520
428581
169679
799904
746070
150610
394945
588008
922623
360352
205705
948783
137673
117441
330446
167294
464202
378222
385734
413479
948886
188978
385820
272618
335934
584561
809671
981539
120098
829497
914985
439635
369426
929401
3784
221713
33201
268329
136129
349285
501405
775724
854765
921557
161231
562275
933616
274685
46134
201046
842144
338049
170771
187767
286617
969209
903626
627009
11800
882989
280348
590010
779305
531343
287623
382394
153979
84703
758837
554218
840597
54953
865168
891548
225499
456595
312399
433730
789489
39522
735569
316215
621042
621466
334960
329550
225504
64741
454139
595497
367164
49971
529370
637975
762492
45141
684218
971777
916316
486213
64067
835221
262134
102991
501466
845041
812934
906684
551021
77071
787237
951654
359666
865887
583526
705445
480069
809844
641074
10260
887075
192513
227024
443656
429461
525860
399768
988905
978834
18170
942007
548847
864790
828105
847927
513901
10893
487590
403768
449731
333327
450260
375719
203857
982237
478883
41425
285542
525133
951645
951634
369995
304120
299859
84878
36564
